0000000
0000002
0000003
0000331
0000332
0000334
0000340
0000341
0000436
0000437
0000462
0000463
0000464
0000465
0000466
0000467
0000468
0000469
0000470
0000471
0000472
0000473
0000474
0000475
0000476
0000477
0000478
0000479
0000480
0000481
0000482
0000483
0000484
0000485
0000486
0000807
0000808
0000809
0000924
0000925
0001044
0001045
0001046
0001169
0001170
0001171
0001282
0001283
0001284
0001411
0001412
0001413
0001500
0001501
0001623
0001624
0001735
0001736
0001737
0001856
0001857
0001858
0001968
0001969
0001970
0002145
0002146
0002258
0002259
0002260
0002383
0002384
0002491
0002492
0002493
0002623
0002624
0002625
0002787
0002788
0002789
0002915
0002916
0002917
0003006
0003007
0003008
0003131
0003132
0003133
0003224
0003225
0003226
0003340
0003341
0003342
0003453
0003454
0003544
0003545
0003546
0003655
0003656
0003657
0003777
0003778
0003779
0003922
0003923
0003924
0004038
0004039
0004126
0004127
0004128
0004241
0004242
0004353
0004354
0004355
0004421
0004422
0004423
0004531
0004532
0004692
0004693
0004694
0004773
0004774
0004775
0004877
0004878
0004879
0005016
0005017
0005018
0005154
0005155
0005156
0005282
0005283
0005284
0005414
0005415
0005416
0005557
0005558
0005559
0005671
0005672
0005673
0005761
0005762
0005827
0005828
0005829
0006033
0006034
0006207
0006208
0006209
0006372
0006373
0006374
0006540
0006541
0006542
0006598
0006599
0006600
0006738
0006739
0006740
0006868
0006869
0006870
0006953
0006954
0006955
0007062
0007063
0007064
0007202
0007203
0007204
0007310
0007311
0007437
0007438
0007522
0007523
0007606
0007607
0007608
0007722
0007723
0007724
0007868
0007869
0007870
0007982
0007983
0007984
0008137
0008138
0008139
0008233
0008234
0008355
0008356
0008357
0008446
0008447
0008448
0008549
0008550
0008551
0008656
0008657
0008658
0008791
0008792
0008793
0008885
0008886
0008887
0009033
0009034
0009035
0009136
0009137
0009138
0009264
0009265
0009266
0009346
0009347
0009348
0009471
0009472
0009473
0009609
0009610
0009611
0009756
0009757
0009758
0009932
0009933
0009934
0010045
0010046
0010047
0010143
0010144
0010145
0010248
0010249
0010250
0010334
0010335
0010336
0010457
0010458
0010569
0010570
0010571
0010709
0010710
0010829
0010830
0010831
0010899
0010900
0010901
0011045
0011046
0011047
0011180
0011181
0011182
0011304
0011305
0011306
0011452
0011453
0011522
0011523
0011614
0011615
0011616
0011706
0011707
0011708
0011757
0011758
0011759
0011881
0011882
0011883
0012022
0012023
0012142
0012143
0012212
0012213
0012214
0012354
0012355
0012356
0012455
0012456
0012457
0012608
0012609
0012712
0012713
0012881
0012882
0012883
0013058
0013059
0013060
0013061
0013172
0013173
0013174
0013317
0013318
0013319
0013359
0013360
0013361
0013438
0013439
0013440
0013587
0013588
0013589
0013735
0013736
0013836
0013837
0013838
0013903
0013904
0013905
0013995
0013996
0013997
0014134
0014135
0014136
0014263
0014264
0014265
0014370
0014371
0014372
0014467
0014468
0014469
0014565
0014566
0014567
0014660
0014661
0014839
0014840
0014841
0014992
0014993
0015090
0015091
0015092
0015217
0015218
0015219
0015288
0015289
0015290
0015357
0015358
0015359
0015437
0015438
0015439
0015524
0015525
0015526
0015582
0015583
0015687
0015688
0015821
0015822
0015941
0015942
0015943
0016005
0016006
0016007
0016168
0016169
0016170
0016238
0016239
0016240
0016357
0016358
0016460
0016461
0016462
0016548
0016549
0016550
0016699
0016700
0016701
0016834
0016835
0016914
0016915
0017065
0017066
0017067
0017176
0017177
0017178
0017349
0017350
0017351
0017478
0017479
0017480
0017564
0017565
0017566
0017714
0017715
0017716
0017872
0017873
0017986
0017987
0017988
0018083
0018084
0018085
0018208
0018209
0018334
0018335
0018486
0018487
0018644
0018645
0018646
0018814
0018815
0018892
0018893
0018894
0019021
0019022
0019150
0019151
0019324
0019325
0019326
0019464
0019465
0019466
0019591
0019592
0019593
0019696
0019697
0019792
0019793
0019794
0019929
0019930
0019931
0020094
0020095
0020212
0020213
0020214
0020351
0020352
0020353
0020458
0020459
0020460
0020554
0020555
0020556
0020652
0020653
0020790
0020791
0020906
0020907
0020908
0021049
0021050
0021051
0021174
0021175
0021176
0021318
0021319
0021320
0021399
0021400
0021401
0021497
0021498
0021499
0021602
0021603
0021604
0021653
0021654
0021655
0021784
0021785
0021906
0021907
0022065
0022066
0022067
0022162
0022163
0022278
0022279
0022419
0022420
0022421
0022548
0022549
0022550
0022646
0022647
0022648
0022737
0022738
0022848
0022849
0022946
0022947
0023051
0023052
0023053
0023202
0023203
0023204
0023269
0023270
0023271
0023358
0023359
0023360
0023503
0023504
0023609
0023610
0023611
0023752
0023753
0023754
0023808
0023809
0023810
0023868
0023869
0023870
0024001
0024002
0024003
0024133
0024134
0024135
0024262
0024263
0024342
0024343
0024448
0024449
0024450
0024529
0024530
0024531
0024631
0024632
0024633
0024722
0024723
0024724
0024865
0024866
0024867
0024974
0024975
0024976
0025111
0025112
0025113
0025234
0025235
0025236
0025395
0025396
0025397
0025533
0025534
0025535
0025627
0025628
0025629
0025799
0025800
0025898
0025899
0025900
0025996
0025997
0025998
0026114
0026115
0026116
0026247
0026248
0026249
0026371
0026372
0026373
0026491
0026492
0026600
0026601
0026602
0026733
0026734
0026852
0026853
0026854
0026958
0026959
0027076
0027077
0027078
0027127
0027128
0027273
0027274
0027275
0027382
0027383
0027517
0027518
0027519
0027627
0027628
0027750
0027751
0027852
0027853
0027854
0027975
0027976
0027977
0028085
0028086
0028087
0028207
0028208
0028209
0028284
0028285
0028286
0028394
0028395
0028396
0028524
0028525
0028662
0028663
0028801
0028802
0028803
0028915
0028916
0028917
0029029
0029030
0029031
0029145
0029146
0029147
0029275
0029276
0029277
0029436
0029437
0029571
0029572
0029573
0029660
0029661
0029766
0029767
0029768
0029929
0029930
0030033
0030034
0030035
0030170
0030171
0030172
0030263
0030264
0030265
0030349
0030350
0030351
0030434
0030435
0030436
0030544
0030545
0030546
0030675
0030676
0030677
0030729
0030730
0030731
0030828
0030829
0030830
0030949
0030950
0030951
0031109
0031110
0031111
0031201
0031202
0031293
0031294
0031408
0031409
0031410
0031559
0031560
0031561
0031674
0031675
0031676
0031771
0031772
0031856
0031857
0031858
0032037
0032038
0032039
0032142
0032143
0032144
0032241
0032242
0032342
0032343
0032344
0032498
0032499
0032500
0032646
0032647
0032648
0032802
0032803
0032804
0032907
0032908
0032909
0032990
0032991
0032992
0033077
0033078
0033161
0033162
0033163
0033274
0033275
0033276
0033408
0033409
0033519
0033520
0033521
0033635
0033636
0033637
0033734
0033735
0033828
0033829
0033905
0033906
0033907
0034045
0034046
0034047
0034148
0034149
0034259
0034260
0034341
0034342
0034343
0034490
0034491
0034492
0034651
0034652
0034653
0034765
0034766
0034767
0034866
0034867
0034868
0034992
0034993
0034994
0035108
0035109
0035110
0035185
0035186
0035320
0035321
0035322
0035401
0035402
0035403
0035498
0035499
0035662
0035663
0035664
0035737
0035738
0035739
0035847
0035848
0035849
0035937
0035938
0035939
0036054
0036055
0036179
0036180
0036181
0036331
0036332
0036420
0036421
0036422
0036545
0036546
0036547
0036652
0036653
0036654
0036783
0036784
0036785
0036895
0036896
0036897
0037090
0037091
0037092
0037157
0037158
0037280
0037281
0037381
0037382
0037533
0037534
0037535
0037648
0037649
0037797
0037798
0037799
0037838
0037839
0037840
0037947
0037948
0037949
0038014
0038015
0038016
0038207
0038208
0038209
0038296
0038297
0038432
0038433
0038434
0038551
0038552
0038553
0038631
0038632
0038633
0038753
0038754
0038961
0038962
0038963
0039081
0039082
0039231
0039232
0039233
0039309
0039310
0039311
0039397
0039398
0039399
0039532
0039533
0039534
0039671
0039672
0039673
0039823
0039824
0039825
0039913
0039914
0039915
0040073
0040074
0040075
0040236
0040237
0040238
0040357
0040358
0040359
0040444
0040445
0040446
0040551
0040552
0040553
0040657
0040658
0040659
0040812
0040813
0040814
0040928
0040929
0040930
0041066
0041067
0041068
0041196
0041197
0041198
0041277
0041278
0041279
0041344
0041345
0041487
0041488
0041631
0041632
0041633
0041707
0041708
0041709
0041801
0041802
0041803
0041898
0041899
0041900
0042023
0042024
0042183
0042184
0042185
0042326
0042327
0042328
0042433
0042434
0042435
0042546
0042547
0042654
0042655
0042750
0042751
0042752
0042807
0042808
0042916
0042917
0042918
0043009
0043010
0043146
0043147
0043268
0043269
0043270
0043449
0043450
0043451
0043563
0043564
0043565
0043688
0043689
0043690
0043730
0043731
0043732
0043789
0043790
0043914
0043915
0043916
0044016
0044017
0044018
0044194
0044195
0044196
0044332
0044333
0044414
0044415
0044416
0044513
0044514
0044515
0044651
0044652
0044788
0044789
0044904
0044905
0044906
0045075
0045076
0045154
0045155
0045156
0045308
0045309
0045310
0045463
0045464
0045580
0045581
0045582
0045728
0045729
0045730
0045801
0045802
0045803
0045920
0045921
0045922
0046026
0046027
0046167
0046168
0046273
0046274
0046275
0046387
0046388
0046389
0046527
0046528
0046529
0046671
0046672
0046673
0046788
0046789
0046790
0046912
0046913
0047053
0047054
0047200
0047201
0047202
0047394
0047395
0047396
0047447
0047448
0047449
0047551
0047552
0047553
0047674
0047675
0047676
0047843
0047844
0047845
0047931
0047932
0047933
0048031
0048032
0048153
0048154
0048155
0048260
0048261
0048404
0048405
0048406
0048552
0048553
0048554
0048660
0048661
0048822
0048823
0048824
0048940
0048941
0048942
0049067
0049068
0049069
0049186
0049187
0049188
0049324
0049325
0049326
0049428
0049429
0049430
0049503
0049504
0049608
0049609
0049693
0049694
0049771
0049772
0049891
0049892
0049989
0049990
0050095
0050096
0050167
0050168
0050169
0050265
0050266
0050407
0050408
0050409
0050496
0050497
0050498
0050602
0050603
0050669
0050670
0050806
0050807
0050808
0050904
0050905
0050906
0051062
0051063
0051064
0051235
0051236
0051237
0051362
0051363
0051364
0051512
0051513
0051514
0051619
0051620
0051621
0051736
0051737
0051738
0051876
0051877
0051996
0051997
0051998
0052068
0052069
0052070
0052179
0052180
0052181
0052256
0052257
0052258
0052321
0052322
0052420
0052421
0052422
0052537
0052538
0052539
0052631
0052632
0052633
0052800
0052801
0052945
0052946
0053065
0053066
0053067
0053175
0053176
0053177
0053280
0053281
0053282
0053397
0053398
0053399
0053492
0053493
0053494
0053581
0053582
0053583
0053734
0053735
0053736
0053839
0053840
0053841
0053956
0053957
0053958
0054018
0054019
0054020
0054122
0054123
0054277
0054278
0054279
0054432
0054433
0054434
0054594
0054595
0054596
0054757
0054758
0054759
0054831
0054832
0054833
0054987
0054988
0054989
0055105
0055106
0055227
0055228
0055229
0055352
0055353
0055354
0055446
0055447
0055448
0055582
0055583
0055584
0055664
0055665
0055666
0055755
0055756
0055757
0055883
0055884
0055885
0056043
0056044
0056153
0056154
0056155
0056224
0056225
0056226
0056370
0056371
0056372
0056499
0056500
0056501
0056619
0056620
0056621
0056775
0056776
0056777
0056859
0056860
0056861
0057053
0057054
0057055
0057160
0057161
0057162
0057252
0057253
0057254
0057397
0057398
0057399
0057515
0057516
0057517
0057607
0057608
0057609
0057729
0057730
0057731
0057859
0057860
0057861
0057995
0057996
0057997
0058140
0058141
0058142
0058247
0058248
0058249
0058391
0058392
0058393
0058523
0058524
0058525
0058608
0058609
0058610
0058744
0058745
0058746
0058879
0058880
0058881
0059021
0059022
0059023
0059149
0059150
0059151
0059250
0059251
0059252
0059401
0059402
0059403
0059502
0059503
0059504
0059626
0059627
0059628
0059728
0059729
0059730
0059835
0059836
0059837
0059908
0059909
0059910
0060052
0060053
0060054
0060174
0060175
0060176
0060309
0060310
0060311
0060450
0060451
0060452
0060626
0060627
0060628
0060700
0060701
0060854
0060855
0060856
0061023
0061024
0061025
0061162
0061163
0061164
0061254
0061255
0061256
0061366
0061367
0061368
0061514
0061515
0061516
0061663
0061664
0061665
0061806
0061807
0061808
0061947
0061948
0061949
0062040
0062041
0062042
0062107
0062108
0062109
0062250
0062251
0062389
0062390
0062499
0062500
0062501
0062581
0062582
0062583
0062725
0062726
0062727
0062850
0062851
0062852
0062991
0062992
0062993
0063080
0063081
0063082
0063181
0063182
0063349
0063350
0063351
0063388
0063389
0063390
0063540
0063541
0063542
0063650
0063651
0063652
0063810
0063811
0063812
0063934
0063935
0064113
0064114
0064115
0064187
0064188
0064189
0064286
0064287
0064288
0064410
0064411
0064412
0064509
0064510
0064511
0064661
0064662
0064663
0064784
0064785
0064786
0064871
0064872
0064873
0064984
0064985
0064986
0065078
0065079
0065080
0065222
0065223
0065224
0065405
0065406
0065407
0065480
0065481
0065482
0065660
0065661
0065662
0065777
0065778
0065779
0065870
0065871
0066005
0066006
0066007
0066127
0066128
0066129
0066250
0066251
0066252
0066417
0066418
0066419
0066535
0066536
0066537
0066646
0066647
0066707
0066708
0066709
0066782
0066783
0066784
0066867
0066868
0066945
0066946
0066947
0067045
0067046
0067077
0067078
0067079
0067185
0067186
0067187
0067286
0067287
0067288
0067415
0067416
0067555
0067556
0067629
0067630
0067631
0067730
0067731
0067732
0067834
0067835
0067957
0067958
0068039
0068040
0068041
0068133
0068134
0068135
0068287
0068288
0068289
0068380
0068381
0068382
0068476
0068477
0068643
0068644
0068645
0068769
0068770
0068771
0068902
0068903
0069030
0069031
0069032
0069189
0069190
0069191
0069328
0069329
0069473
0069474
0069475
0069576
0069577
0069578
0069713
0069714
0069797
0069798
0069799
0069943
0069944
0069945
0070126
0070127
0070227
0070228
0070346
0070347
0070348
0070449
0070450
0070451
0070564
0070565
0070566
0070683
0070684
0070846
0070847
0071000
0071001
0071117
0071118
0071119
0071250
0071251
0071252
0071373
0071374
0071509
0071510
0071511
0071580
0071581
0071582
0071695
0071696
0071697
0071793
0071794
0071795
0071962
0071963
0071964
0072046
0072047
0072048
0072209
0072210
0072352
0072353
0072354
0072437
0072438
0072439
0072561
0072562
0072563
0072663
0072664
0072763
0072764
0072765
0072860
0072861
0072862
0072999
0073000
0073001
0073139
0073140
0073277
0073278
0073279
0073434
0073435
0073436
0073618
0073619
0073620
0073755
0073756
0073757
0073849
0073850
0073851
0074000
0074001
0074065
0074066
0074207
0074208
0074209
0074288
0074289
0074290
0074441
0074442
0074443
0074496
0074497
0074498
0074636
0074637
0074638
0074760
0074761
0074762
0074876
0074877
0074878
0074986
0074987
0075116
0075117
0075118
0075260
0075261
0075262
0075376
0075377
0075378
0075490
0075491
0075492
0075567
0075568
0075688
0075689
0075690
0075848
0075849
0075850
0076001
0076002
0076118
0076119
0076250
0076251
0076252
0076345
0076346
0076347
0076502
0076503
0076504
0076585
0076586
0076587
0076729
0076730
0076829
0076830
0076831
0076908
0076909
0076910
0077065
0077066
0077157
0077158
0077250
0077251
0077252
0077342
0077343
0077344
0077503
0077504
0077626
0077627
0077752
0077753
0077754
0077872
0077873
0078018
0078019
0078020
0078115
0078116
0078240
0078241
0078363
0078364
0078365
0078479
0078480
0078481
0078637
0078638
0078639
0078728
0078729
0078730
0078837
0078838
0078839
0078947
0078948
0078949
0079029
0079030
0079031
0079205
0079206
0079207
0079328
0079329
0079330
0079453
0079454
0079455
0079564
0079565
0079614
0079615
0079616
0079701
0079702
0079703
0079836
0079837
0079970
0079971
0079972
0080120
0080121
0080222
0080223
0080224
0080319
0080320
0080321
0080418
0080419
0080420
0080632
0080633
0080634
0080749
0080750
0080751
0080862
0080863
0080864
0080977
0080978
0080979
0081140
0081141
0081195
0081196
0081197
0081284
0081285
0081286
0081374
0081375
0081376
0081479
0081480
0081594
0081595
0081596
0081720
0081721
0081722
0081838
0081839
0081840
0081951
0081952
0082060
0082061
0082062
0082213
0082214
0082215
0082311
0082312
0082456
0082457
0082556
0082557
0082558
0082651
0082652
0082653
0082739
0082740
0082741
0082853
0082854
0082855
0082939
0082940
0082941
0083051
0083052
0083053
0083162
0083163
0083249
0083250
0083251
0083352
0083353
0083354
0083483
0083484
0083485
0083608
0083609
0083725
0083726
0083727
0083854
0083855
0083856
0083985
0083986
0083987
0084154
0084155
0084156
0084277
0084278
0084279
0084386
0084387
0084388
0084545
0084546
0084547
0084683
0084684
0084685
0084801
0084802
0084803
0084951
0084952
0084953
0085098
0085099
0085100
0085278
0085279
0085280
0085376
0085377
0085378
0085432
0085433
0085434
0085553
0085554
0085555
0085689
0085690
0085691
0085802
0085803
0085804
0085951
0085952
0085953
0086119
0086120
0086121
0086247
0086248
0086249
0086397
0086398
0086399
0086495
0086496
0086497
0086628
0086629
0086751
0086752
0086753
0086877
0086878
0087027
0087028
0087108
0087109
0087110
0087220
0087221
0087222
0087353
0087354
0087355
0087476
0087477
0087478
0087604
0087605
0087606
0087708
0087709
0087710
0087821
0087822
0087823
0087972
0087973
0087974
0088099
0088100
0088101
0088209
0088210
0088211
0088324
0088325
0088326
0088404
0088405
0088406
0088538
0088539
0088540
0088642
0088643
0088737
0088738
0088739
0088824
0088825
0088826
0088914
0088915
0088916
0089048
0089049
0089050
0089187
0089188
0089189
0089289
0089290
0089291
0089376
0089377
0089378
0089543
0089544
0089545
0089637
0089638
0089735
0089736
0089737
0089862
0089863
0089864
0090007
0090008
0090009
0090119
0090120
0090241
0090242
0090243
0090362
0090363
0090364
0090491
0090492
0090493
0090654
0090655
0090656
0090808
0090809
0090928
0090929
0090930
0091039
0091040
0091041
0091134
0091135
0091136
0091291
0091292
0091293
0091434
0091435
0091436
0091560
0091561
0091673
0091674
0091675
0091798
0091799
0091990
0091991
0091992
0092162
0092163
0092164
0092285
0092286
0092287
0092385
0092386
0092387
0092558
0092559
0092560
0092653
0092654
0092655
0092845
0092846
0092909
0092910
0092911
0092999
0093000
0093080
0093081
0093226
0093227
0093228
0093352
0093353
0093442
0093443
0093444
0093551
0093552
0093650
0093651
0093775
0093776
0093777
0093921
0093922
0093923
0094031
0094032
0094033
0094124
0094125
0094268
0094269
0094270
0094459
0094460
0094461
0094629
0094630
0094758
0094759
0094760
0094871
0094872
0094873
0094941
0094942
0094943
0095049
0095050
0095051
0095141
0095142
0095143
0095230
0095231
0095312
0095313
0095314
0095362
0095363
0095364
0095477
0095478
0095479
0095554
0095555
0095556
0095627
0095628
0095629
0095679
0095680
0095681
0095757
0095758
0095759
0095878
0095879
0095880
0096016
0096017
0096018
0096098
0096099
0096100
0096168
0096169
0096170
0096275
0096276
0096277
0096380
0096381
0096382
0096471
0096472
0096530
0096531
0096532
0096589
0096590
0096591
0096701
0096702
0096793
0096794
0096874
0096875
0096958
0096959
0097049
0097050
0097051
0097153
0097154
0097155
0097226
0097227
0097228
0097306
0097307
0097308
0097434
0097435
0097436
0097501
0097502
0097503
0097590
0097591
0097592
0097665
0097666
0097856
0097857
0098021
0098022
0098023
0098202
0098203
0098204
0098411
0098412
0098413
0098580
0098581
0098582
0098757
0098758
0098759
0098906
0098907
0098908
0099065
0099066
0099067
0099211
0099212
0099213
0099421
0099422
0099423
0099552
0099553
0099554
0099714
0099715
0099716
0099882
0099883
0099884
0099999
0100000
0100001
0100183
0100184
0100185
0100346
0100347
0100348
0100556
0100557
0100558
0100711
0100712
0100878
0100879
0100880
0101015
0101016
0101017
0101107
0101108
0101109
0101263
0101264
0101265
0101404
0101405
0101406
0101540
0101541
0101542
0101650
0101651
0101786
0101787
0101788
0101967
0101968
0101969
0102091
0102092
0102093
0102194
0102195
0102196
0102296
0102297
0102298
0102430
0102431
0102588
0102589
0102590
0102703
0102704
0102705
0102855
0102856
0102857
0102957
0102958
0102959
0103031
0103032
0103033
0103142
0103143
0103144
0103255
0103256
0103257
0103335
0103336
0103337
0103441
0103442
0103443
0103544
0103545
0103668
0103669
0103794
0103795
0103796
0103922
0103923
0104085
0104086
0104087
0104223
0104224
0104225
0104350
0104351
0104352
0104451
0104452
0104594
0104595
0104704
0104705
0104706
0104835
0104836
0104837
0104963
0104964
0104965
0105072
0105073
0105074
0105148
0105149
0105290
0105291
0105292
0105453
0105454
0105455
0105571
0105572
0105573
0105662
0105663
0105664
0105762
0105763
0105764
0105896
0105897
0105898
0106006
0106007
0106008
0106092
0106093
0106094
0106224
0106225
0106326
0106327
0106456
0106457
0106458
0106594
0106595
0106803
0106804
0106805
0106922
0106923
0106924
0107085
0107086
0107087
0107249
0107250
0107251
0107410
0107411
0107412
0107506
0107507
0107640
0107641
0107642
0107716
0107717
0107815
0107816
0107817
0107953
0107954
0108118
0108119
0108244
0108245
0108246
0108400
0108401
0108402
0108517
0108518
0108519
0108703
0108704
0108705
0108807
0108808
0108809
0108932
0108933
0108934
0109046
0109047
0109048
0109108
0109109
0109110
0109243
0109244
0109245
0109384
0109385
0109386
0109537
0109538
0109539
0109643
0109644
0109645
0109765
0109766
0109767
0109898
0109899
0109900
0109998
0109999
0110164
0110165
0110166
0110312
0110313
0110314
0110428
0110429
0110430
0110545
0110546
0110663
0110664
0110665
0110823
0110824
0110825
0110957
0110958
0110959
0111089
0111090
0111091
0111186
0111187
0111188
0111317
0111318
0111319
0111430
0111431
0111432
0111534
0111535
0111536
0111647
0111648
0111790
0111791
0111792
0111913
0111914
0111915
0112032
0112033
0112034
0112199
0112200
0112201
0112298
0112299
0112300
0112477
0112478
0112479
0112635
0112636
0112637
0112766
0112767
0112768
0112929
0112930
0112931
0113056
0113057
0113183
0113184
0113185
0113283
0113284
0113285
0113449
0113450
0113660
0113661
0113662
0113793
0113794
0113795
0113923
0113924
0113925
0114071
0114072
0114073
0114168
0114169
0114170
0114283
0114284
0114285
0114423
0114424
0114425
0114546
0114547
0114548
0114715
0114716
0114744
0114745
0114836
0114875
0114876
0114885
0114886
1013021
1148870
1190001
1300017
1300019
1300020
1300021
1300022
1300023
1300024
1300025
1300026
1300027
1300028
1300029
1300031
1300032
1300033
1300034
1300036
1300037
1300038
1300039
1300040
1300042
1300043
1300044
1300045
1300046
1300073
1300075
1300076
1300077
1300078
1300079
1300081
1300082
1300083
1300084
1300085
1300086
1300088
1300090
1300092
1300093
1300094
1300095
1300096
1300097
1300101
1300104
1300105
1300106
1300107
1300108
1300109
1300110
1300112
1300113
1300115
1300117
1300119
1300120
1300121
1300123
1300124
1300125
1300126
1300127
1300128
1300129
1300130
1300131
1300132
1300134
1300135
1300136
1300137
1300138
1300140
1300141
1300142
1300143
1300145
1300151
1300152
1300153
1300155
1300157
1300158
1300159
1300161
1300162
1300163
1300164
1300165
1300166
1300167
1300168
1300169
1300171
1300172
1300173
1300175
1300177
1300178
1300179
1300180
1300181
1300182
1300185
1300186
1300187
1300188
1300189
1300190
1300191
1300194
1300195
1300197
1300198
1300199
1300200
1300201
1300202
1300203
1300204
1300205
1300207
1300208
1300209
1300210
1300211
1300212
1300214
1300215
1300219
1300220
1300221
1300222
1300223
1300224
1300225
1300226
1300227
1300229
1300235
1300238
1300239
1300240
1300241
1300242
1300243
1300244
1300246
1300247
1300249
1300250
1300251
1300252
1300255
1300256
1300257
1300258
1300259
1300260
1300261
1300264
1300265
1300267
1300268
1300269
1300273
1300274
1300275
1300276
1300277
1300278
1300280
1300281
1300282
1300283
1300284
1300285
1300286
1300287
1300289
1300290
1300291
1300292
1300294
1300295
1300297
1300298
1300300
1300301
1300302
1300303
1300304
1300306
1300307
1300308
1300309
1300313
1300315
1300316
1300317
1300318
1300319
1300320
1300321
1300323
1300324
1300326
1300327
1300329
1300330
1300332
1300333
1300337
1300338
1300341
1300342
1300346
1300347
1300348
1300349
1300350
1300351
1300354
1300357
1300358
1300359
1300360
1300362
1300364
1300365
1300367
1300368
1300369
1300371
1300372
1300375
1300376
1300377
1300378
1300381
1300382
1300383
1300388
1300389
1300390
1300397
1300398
1300400
1300401
1300402
1300407
1300408
1300409
1300413
1300414
1300415
1300419
1300420
1300421
1300425
1300427
1300428
1300429
1300430
1300431
1300432
1300433
1300436
1300437
1300438
1300440
1300441
1300442
1300443
1300444
1300445
1300446
1300449
1300450
1300452
1300454
1300455
1300457
1300458
1300460
1300462
1300465
1300466
1300467
1300468
1300469
1300470
1300471
1300472
1300473
1300474
1300476
1300477
1300478
1300481
1300482
1300483
1300484
1300485
1300487
1300488
1300490
1300491
1300494
1300495
1300497
1300499
1300500
1300501
1300502
1300505
1300506
1300508
1300509
1300510
1300512
1300513
1300514
1300516
1300517
1300518
1300519
1300521
1300522
1300523
1300524
1300525
1300526
1300527
1300529
1300530
1300531
1300532
1300533
1300535
1300536
1300537
1300538
1300539
1300541
1300543
1300544
1300545
1300546
1300547
1300550
1300551
1300552
1300553
1300554
1300557
1300558
1300559
1300563
1300564
1300565
1300567
1300568
1300569
1300571
1300573
1300574
1300575
1300576
1300579
1300581
1300582
1300583
1300585
1300587
1300588
1300589
1300591
1300592
1300593
1300594
1300596
1300597
1300598
1300599
1300601
1300603
1300605
1300606
1300607
1300608
1300609
1300610
1300611
1300612
1300613
1300614
1300615
1300616
1300617
1300618
1300619
1300620
1300623
1300624
1300626
1300627
1300630
1300631
1300633
1300636
1300637
1300638
1300639
1300641
1300645
1300646
1300648
1300649
1300651
1300652
1300653
1300654
1300656
1300659
1300660
1300661
1300663
1300664
1300667
1300668
1300669
1300670
1300671
1300672
1300673
1300675
1300676
1300678
1300679
1300680
1300682
1300683
1300687
1300688
1300689
1300690
1300691
1300692
1300693
1300696
1300697
1300698
1300699
1300700
1300701
1300703
1300704
1300705
1300706
1300708
1300709
1300710
1300711
1300712
1300713
1300716
1300717
1300719
1300720
1300721
1300724
1300725
1300730
1300731
1300732
1300733
1300734
1300735
1300736
1300737
1300739
1300740
1300741
1300742
1300743
1300744
1300745
1300747
1300748
1300750
1300751
1300752
1300753
1300754
1300755
1300756
1300757
1300758
1300759
1300760
1300761
1300762
1300763
1300765
1300766
1300767
1300768
1300769
1300770
1300771
1300772
1300773
1300774
1300776
1300777
1300778
1300779
1300780
1300781
1300782
1300783
1300784
1300785
1300786
1300787
1300788
1300789
1300790
1300791
1300792
1300793
1300794
1300795
1300796
1300797
1300798
1300799
1300800
1300801
1300802
1300804
1300805
1300806
1300807
1300808
1300810
1300811
1300812
1300813
1300814
1300815
1300816
1300817
1300818
1300819
1300821
1300822
1300823
1300824
1300825
1300826
1300827
1300828
1300829
1300830
1300831
1300832
1300833
1300834
1300836
1300837
1300838
1300839
1300840
1300841
1300842
1300844
1300845
1300849
1300851
1300852
1300853
1300854
1300855
1300856
1300857
1300858
1300860
1300862
1300863
1300864
1300866
1300867
1300870
1300880
1300881
1300882
1300883
1300884
1300887
1300888
1300889
1300890
1300891
1300892
1300894
1300895
1300897
1300898
1300899
1300900
1300901
1300902
1300903
1300905
1300906
1300907
1300917
1300918
1300919
1300920
1300922
1300923
1300926
1300927
1300930
1300931
1300932
1300933
1300934
1300935
1300936
1300937
1300939
1300942
1300943
1300945
1300946
1300947
1300949
1300950
1300951
1300952
1300953
1300954
1300955
1300958
1300959
1300960
1300961
1300962
1300963
1300964
1300965
1300966
1300967
1300968
1300969
1300970
1300972
1300973
1300974
1300975
1300976
1300977
1300978
1300979
1300981
1300982
1300983
1300984
1300985
1300986
1300987
1300988
1300989
1300991
1300992
1300993
1300994
1300995
1300997
1300998
1301000
1301003
1301005
1301008
1301009
1301010
1301011
1301019
1301020
1301021
1301023
1301024
1301026
1301027
1301029
1301030
1301031
1301034
1301035
1301036
1301038
1301039
1301043
1301044
1301046
1301047
1301048
1301049
1301050
1301052
1301053
1301054
1301055
1301056
1301057
1301058
1301059
1301060
1301061
1301062
1301063
1301064
1301065
1301066
1301067
1301068
1301069
1301070
1301071
1301072
1301073
1301074
1301075
1301076
1301077
1301078
1301079
1301080
1301081
1301082
1301083
1301084
1301085
1301086
1301087
1301088
1301089
1301090
1301091
1301092
1301093
1301094
1301095
1301096
1301099
1301100
1301101
1301102
1301103
1301104
1301105
1301106
1301107
1301109
1301110
1301111
1301112
1301113
1301114
1301115
1301117
1301118
1301120
1301121
1301122
1301124
1301125
1301126
1301127
1301128
1301129
1301130
1301131
1301132
1301133
1301134
1301135
1301136
1301137
1301138
1301139
1301140
1301141
1301142
1301143
1301145
1301146
1301147
1301148
1301149
1301154
1301155
1301158
1301159
1301161
1301162
1301163
1301164
1301165
1301169
1301170
1301172
1301173
1301175
1301176
1301177
1301178
1301179
1301181
1301182
1301184
1301186
1301187
1301188
1301189
1301190
1301191
1301192
1301193
1301194
1301195
1301196
1301197
1301198
1301199
1301201
1301202
1301203
1301204
1301205
1301206
1301207
1301210
1301211
1301212
1301213
1301214
1301217
1301218
1301219
1301220
1301221
1301222
1301224
1301225
1301226
1301227
1301228
1301229
1301230
1301231
1301232
1301234
1301235
1301237
1301238
1301239
1301240
1301241
1301242
1301243
1301244
1301247
1301248
1301250
1301251
1301253
1301254
1301258
1301259
1301260
1301261
1301264
1301265
1301266
1301267
1301269
1301270
1301271
1301273
1301276
1301277
1301278
1301279
1301280
1301281
1301282
1301283
1301284
1301286
1301287
1301289
1301291
1301292
1301293
1301294
1301296
1301297
1301298
1301299
1301300
1301301
1301302
1301303
1301304
1301305
1301307
1301308
1301309
1301310
1301311
1301312
1301313
1301314
1301315
1301317
1301319
1301320
1301321
1301323
1301324
1301325
1301328
1301329
1301330
1301332
1301333
1301335
1301336
1301338
1301339
1301340
1301342
1301343
1301344
1301345
1301346
1301347
1301348
1301350
1301351
1301352
1301353
1301354
1301355
1301356
1301357
1301358
1301359
1301361
1301362
1301364
1301366
1301367
1301368
1301370
1301371
1301373
1301374
1301375
1301376
1301377
1301378
1301379
1301380
1301381
1301382
1301383
1301384
1301386
1301387
1301388
1301389
1301390
1301391
1301392
1301393
1301394
1301395
1301397
1301398
1301399
1301400
1301402
1301403
1301406
1301408
1301409
1301410
1301411
1301415
1301416
1301417
1301418
1301419
1301420
1301421
1301422
1301423
1301424
1301425
1301426
1301427
1301428
1301430
1301431
1301432
1301433
1301434
1301436
1301437
1301438
1301439
1301440
1301441
1301442
1301443
1301444
1301445
1301446
1301447
1301448
1301449
1301450
1301451
1301452
1301453
1301455
1301456
1301457
1301458
1301459
1301460
1301461
1301462
1301463
1301464
1301465
1301466
1301467
1301468
1301469
1301470
1301471
1301472
1301473
1301474
1301476
1301477
1301478
1301479
1301480
1301481
1301483
1301485
1301486
1301487
1301488
1301489
1301490
1301491
1301493
1301494
1301495
1301496
1301497
1301498
1301499
1301500
1301502
1301504
1301505
1301506
1301507
1301509
1301510
1301511
1301512
1301513
1301515
1301516
1301518
1301519
1301520
1301521
1301522
1301523
1301524
1301525
1301527
1301528
1301529
1301530
1301531
1301532
1301533
1301534
1301536
1301537
1301582
1301583
1301584
1301585
1301587
1301588
1301589
1301591
1301592
1301593
1301594
1301595
1301596
1301598
1301599
1301600
1301601
1301603
1301604
1301605
1301607
1301608
1301609
1301610
1301611
1301612
1301613
1301614
1301615
1301616
1301617
1301618
1301619
1301620
1301622
1301623
1301624
1301625
1301626
1301627
1301628
1301629
1301630
1301631
1301632
1301633
1301634
1301635
1301636
1301637
1301638
1301639
1301640
1301641
1301642
1301643
1301644
1301645
1301646
1301647
1301649
1301650
1301651
1301652
1301653
1301654
1301655
1301657
1301658
1301659
1301660
1301661
1301663
1301664
1301665
1301666
1301667
1301669
1301670
1301671
1301672
1301673
1301674
1301675
1301676
1301677
1301678
1301679
1301680
1301681
1301682
1301685
1301686
1301687
1301688
1301689
1301690
1301691
1301692
1301693
1301694
1301695
1301696
1301697
1301698
1301699
1301700
1301701
1301702
1301705
1301707
1301708
1301709
1301710
1301711
1301712
1301713
1301714
1301715
1301716
1301717
1301718
1301719
1301720
1301721
1301758
1301759
1301760
1301761
1301762
1301763
1301764
1301765
1301766
1301767
1301768
1301769
1301770
1301773
1301774
1301775
1301776
1301777
1301778
1301780
1301781
1301782
1301783
1301784
1301785
1301786
1301787
1301788
1301789
1301790
1301792
1301793
1301794
1301796
1301798
1301799
1301800
1301801
1301802
1301803
1301805
1301806
1301807
1301808
1301809
1301810
1301811
1301812
1301813
1301814
1301815
1301816
1301817
1301818
1301819
1301820
1301821
1301823
1301827
1301828
1301830
1301831
1301832
1301833
1301834
1301835
1301836
1301837
1301841
1301842
1301843
1301844
1301845
1301846
1301847
1301848
1301849
1301850
1301851
1301852
1301853
1301854
1301855
1301856
1301857
1301858
1301859
1301860
1301861
1301862
1301863
1301864
1301865
1301867
1301868
1301869
1301870
1301871
1301872
1301873
1301875
1301876
1301878
1301879
1301880
1301881
1301882
1301883
1301884
1301885
1301886
1301887
1301888
1301889
1301890
1301891
1301892
1301893
1301894
1301895
1301897
1301898
1301899
1301900
1301901
1301902
1301903
1301904
1301905
1301906
1301907
1301908
1301909
1301910
1301911
1301912
1301913
1301914
1301915
1301916
1301917
1301918
1301919
1301920
1301921
1301922
1301923
1301924
1301925
1301926
1301927
1301928
1301929
1301930
1301931
1301933
1301935
1301936
1301937
1301938
1301939
1301940
1301941
1301942
1301943
1301944
1301945
1301946
1301947
1301948
1301949
1301950
1301952
1301953
1301954
1301955
1301956
1301957
1301958
1301959
1301960
1301961
1301962
1301963
1301964
1301965
1301967
1301968
1301969
1301970
1301971
1301974
1301975
1301976
1301977
1301978
1301979
1301980
1301981
1301982
1301983
1301984
1301985
1301986
1301987
1301988
1301989
1301990
1301991
1301993
1301994
1301995
1301996
1301997
1301998
1301999
1302000
1302001
1302003
1302005
1302006
1302007
1302008
1302009
1302010
1302011
1302012
1302013
1302014
1302015
1302017
1302018
1302019
1302020
1302022
1302023
1302024
1302025
1302026
1302027
1302028
1302029
1302030
1302031
1302032
1302034
1302035
1302036
1302038
1302039
1302040
1302041
1302042
1302043
1302044
1302045
1302046
1302047
1302048
1302051
1302052
1302053
1302054
1302056
1302057
1302058
1302059
1302060
1302061
1302062
1302064
1302065
1302066
1302067
1302068
1302070
1302071
1302073
1302074
1302075
1302076
1302077
1302079
1302080
1302081
1302083
1302084
1302085
1302086
1302087
1302090
1302091
1302092
1302093
1302094
1302095
1302097
1302098
1302099
1302101
1302102
1302103
1302104
1302105
1302106
1302109
1302110
1302111
1302112
1302113
1302114
1302116
1302118
1302119
1302120
1302121
1302122
1302123
1302124
1302128
1302129
1302130
1302131
1302132
1302133
1302134
1302135
1302136
1302137
1302138
1302139
1302142
1302143
1302145
1302146
1302147
1302148
1302149
1302150
1302151
1302152
1302153
1302154
1302155
1302156
1302157
1302158
1302159
1302160
1302161
1302162
1302163
1302164
1302165
1302166
1302167
1302169
1302170
1302172
1302173
1302174
1302175
1302176
1302177
1302178
1302179
1302180
1302181
1302182
1302183
1302186
1302187
1302188
1302189
1302191
1302192
1302193
1302195
1302196
1302197
1302199
1302200
1302202
1302203
1302204
1302206
1302207
1302208
1302209
1302210
1302211
1302212
1302213
1302214
1302215
1302216
1302217
1302218
1302220
1302221
1302222
1302223
1302224
1302225
1302226
1302227
1302228
1302229
1302230
1302231
1302232
1302233
1302234
1302235
1302236
1302238
1302239
1302240
1302242
1302243
1302244
1302245
1302246
1302247
1302248
1302249
1302251
1302252
1302253
1302254
1302255
1302256
1302257
1302259
1302260
1302261
1302262
1302263
1302264
1302265
1302266
1302267
1302270
1302271
1302273
1302274
1302276
1302277
1302278
1302279
1302280
1302281
1302282
1302283
1302284
1302285
1302286
1302287
1302288
1302289
1302291
1302294
1302295
1302296
1302297
1302298
1302300
1302301
1302302
1302303
1302305
1302306
1302307
1302308
1302309
1302310
1302311
1302312
1302313
1302314
1302315
1302316
1302318
1302320
1302321
1302322
1302323
1302324
1302325
1302326
1302328
1302329
1302330
1302331
1302332
1302333
1302334
1302335
1302336
1302337
1302339
1302340
1302341
1302342
1302343
1302344
1302345
1302346
1302347
1302348
1302350
1302351
1302352
1302353
1302354
1302355
1302356
1302358
1302359
1302360
1302361
1302363
1302364
1302365
1302366
1302367
1302369
1302370
1302371
1302372
1302373
1302374
1302376
1302377
1302378
1302379
1302381
1302382
1302383
1302384
1302385
1302388
1302389
1302390
1302391
1302392
1302394
1302395
1302396
1302397
1302401
1302404
1302405
1302406
1302408
1302409
1302410
1302411
1302412
1302413
1302414
1302415
1302416
1302418
1302419
1302420
1302421
1302422
1302428
1302429
1302430
1302432
1302434
1302435
1302436
1302437
1302438
1302439
1302440
1302441
1302442
1302443
1302444
1302445
1302446
1302447
1302448
1302449
1302450
1302451
1302452
1302453
1302456
1302457
1302458
1302459
1302460
1302461
1302462
1302463
1302464
1302466
1302467
1302468
1302469
1302470
1302471
1302472
1302474
1302476
1302477
1302478
1302480
1302481
1302482
1302483
1302484
1302485
1302486
1302487
1302488
1302489
1302491
1302492
1302493
1302494
1302495
1302496
1302497
1302499
1302500
1302501
1302502
1302503
1302504
1302506
1302507
1302508
1302509
1302511
1302512
1302513
1302514
1302515
1302516
1302517
1302518
1302519
1302520
1302521
1302522
1302523
1302524
1302525
1302526
1302527
1302528
1302529
1302530
1302531
1302533
1302534
1302535
1302536
1302537
1302538
1302539
1302540
1302541
1302543
1302544
1302545
1302547
1302548
1302550
1302551
1302552
1302553
1302554
1302556
1302557
1302558
1302559
1302561
1302562
1302563
1302564
1302565
1302566
1302567
1302568
1302569
1302570
1302571
1302572
1302573
1302574
1302575
1302576
1302577
1302578
1302579
1302580
1302581
1302583
1302584
1302586
1302587
1302588
1302589
1302590
1302593
1302594
1302595
1302596
1302597
1302598
1302600
1302602
1302604
1302607
1302648
1302649
1302650
1302652
1302654
1302655
1302656
1302657
1302658
1302659
1302660
1302662
1302663
1302664
1302665
1302666
1302667
1302668
1302670
1302673
1302674
1302675
1302676
1302677
1302678
1302681
1302683
1302684
1302685
1302686
1302688
1302689
1302690
1302691
1302692
1302693
1302694
1302695
1302696
1302697
1302699
1302722
1302723
1302724
1302726
1302727
1302729
1302732
1302734
1302736
1302737
1302739
1302740
1302741
1302743
1302744
1302745
1302747
1302748
1302750
1302751
1302752
1302753
1302754
1302755
1302756
1302757
1302758
1302759
1302760
1302761
1302762
1302763
1302764
1302765
1302766
1302767
1302768
1302769
1302770
1302771
1302772
1302773
1302774
1302775
1302776
1302777
1302778
1302779
1302781
1302782
1302783
1302784
1302785
1302788
1302789
1302790
1302791
1302794
1302796
1302798
1302799
1302800
1302801
1302803
1302804
1302806
1302807
1302808
1302809
1302810
1302811
1302812
1302813
1302815
1302816
1302817
1302818
1302819
1302820
1302821
1302822
1302823
1302824
1302825
1302826
1302827
1302828
1302829
1302830
1302831
1302832
1302833
1302834
1302836
1302837
1302838
1302839
1302840
1302843
1302844
1302845
1302847
1302849
1302850
1302854
1302855
1302857
1302859
1302860
1302861
1302862
1302863
1302864
1302865
1302866
1302867
1302869
1302874
1302875
1302876
1302878
1302880
1302881
1302882
1302883
1302890
1302891
1302892
1302896
1302898
1302899
1302900
1302904
1302906
1302907
1302908
1302909
1302912
1302913
1302914
1302915
1302916
1302917
1302924
1302927
1302929
1302930
1302931
1302932
1302933
1302935
1302937
1302939
1302940
1302942
1302943
1302944
1302946
1302947
1302948
1302949
1302950
1302951
1302952
1302953
1302954
1302955
1302956
1302957
1302959
1302960
1302961
1302962
1302963
1302964
1302965
1302967
1302968
1302971
1302972
1302973
1302974
1302976
1302977
1302978
1302979
1302980
1302981
1302987
1302990
1302991
1302992
1302995
1302996
1302999
1303002
1303003
1303006
1303007
1303009
1303010
1303011
1303013
1303014
1303015
1303016
1303018
1303019
1303026
1303027
1303028
1303029
1303030
1303034
1303035
1303037
1303041
1303043
1303044
1303046
1303049
1303052
1303053
1303055
1303058
1303060
1303062
1303064
1303065
1303066
1303069
1303070
1303077
1303081
1303082
1303085
1303095
1303096
1303098
1303108
1303109
1303110
1303115
1303117
1303123
1303124
1303125
1303126
1303129
1303131
1303132
1303134
1303136
1303141
1303142
1303145
1303146
1303153
1303156
1303161
1303164
1303165
1303166
1303171
1303172
1303174
1303175
1303177
1303178
1303179
1303180
1303185
1303188
1303192
1303195
1303196
1303198
1303200
1303202
1303204
1303205
1303206
1303207
1303208
1303210
1303212
1303214
1303215
1303217
1303218
1303222
1303224
1303226
1303227
1303228
1303229
1303230
1303232
1303233
1303238
1303239
1303240
1303241
1303242
1303243
1303246
1303248
1303250
1303251
1303252
1303253
1303256
1303257
1303258
1303262
1303263
1303264
1303265
1303266
1303267
1303268
1303269
1303270
1303271
1303272
1303273
1303274
1303275
1303276
1303277
1303278
1303284
1303295
1303298
1303301
1303309
1303310
1303311
1303312
1303313
1303314
1303315
1303316
1303318
1303321
1303322
1303323
1303324
1303325
1303328
1303329
1303331
1303333
1303335
1303336
1303340
1303344
1303350
1303351
1303353
1303355
1303356
1303357
1303359
1303360
1303361
1303369
1303370
1303372
1303374
1303375
1303376
1303384
1303386
1303388
1303394
1303398
1303401
1303404
1303405
1303408
1303410
1303411
1303412
1303413
1303414
1303416
1303417
1303418
1303420
1303421
1303423
1303425
1303427
1303431
1303432
1303435
1303437
1303438
1303439
1303440
1303444
1303445
1303446
1303448
1303449
1303450
1303451
1303452
1303453
1303454
1303455
1303456
1303458
1303459
1303460
1303461
1303463
1303464
1303465
1303466
1303467
1303471
1303472
1303473
1303477
1303478
1303479
1303481
1303482
1303483
1303484
1303487
1303489
1303490
1303492
1303494
1303495
1303496
1303497
1303498
1303500
1303502
1303503
1303504
1303505
1303506
1303507
1303510
1303516
1303518
1303519
1303521
1303522
1303523
1303524
1303527
1303530
1303531
1303532
1303533
1303534
1303537
1303538
1303539
1303541
1303542
1303543
1303544
1303546
1303547
1303548
1303549
1303550
1303551
1303553
1303555
1303556
1303557
1303558
1303559
1303561
1303563
1303567
1303569
1303571
1303573
1303574
1303575
1303576
1303578
1303579
1303580
1303581
1303582
1303585
1303586
1303589
1303590
1303591
1303592
1303594
1303597
1303598
1303601
1303605
1303607
1303608
1303609
1303610
1303611
1303612
1303615
1303616
1303618
1303620
1303621
1303622
1303623
1303624
1303625
1303626
1303627
1303628
1303629
1303631
1303633
1303634
1303635
1303636
1303642
1303643
1303645
1303647
1303650
1303651
1303652
1303653
1303654
1303655
1303656
1303660
1303662
1303663
1303666
1303667
1303668
1303670
1303672
1303675
1303676
1303685
1303686
1303688
1303692
1303693
1303696
1303701
1303704
1303705
1303706
1303709
1303710
1303711
1303712
1303713
1303714
1303715
1303716
1303717
1303718
1303719
1303720
1303721
1303722
1303726
1303727
1303729
1303730
1303731
1303732
1303733
1303734
1303735
1303737
1303738
1303739
1303740
1303746
1303748
1303749
1303751
1303752
1303753
1303754
1303756
1303758
1303760
1303761
1303762
1303763
1303764
1303765
1303766
1303767
1303768
1303769
1303770
1303771
1303772
1303773
1303774
1303775
1303776
1303777
1303778
1303779
1303780
1303781
1303782
1303784
1303786
1303787
1303788
1303789
1303790
1303791
1303792
1303793
1303794
1303795
1303796
1303797
1303798
1303799
1303800
1303801
1303803
1303804
1303805
1303806
1303807
1303808
1303809
1303810
1303811
1303812
1303813
1303814
1303815
1303816
1303817
1303819
1303821
1303822
1303823
1303824
1303825
1303826
1303827
1303828
1303829
1303831
1303833
1303834
1303835
1303836
1303837
1303838
1303839
1303840
1303841
1303842
1303844
1303845
1303846
1303847
1303848
1303849
1303850
1303851
1303853
1303854
1303855
1303856
1303859
1303860
1303861
1303862
1303863
1303864
1303865
1303866
1303867
1303868
1303869
1303871
1303872
1303873
1303874
1303875
1303876
1303877
1303878
1303879
1303880
1303888
1303894
1303898
1303902
1303908
1303912
1303916
1303918
1303919
1303920
1303921
1303933
1303944
1303946
1303955
1303958
1304000
1304002
1304006
1304007
1304008
1304009
1304010
1304011
1304013
1304021
1304022
1304023
1304025
1304028
1304029
1304030
1304034
1304036
1304037
1304038
1304044
1304051
1304055
1304056
1304061
1304062
1304063
1304065
1304066
1304068
1304069
1304070
1304073
1304075
1304079
1304081
1304099
1304100
1304104
1304105
1304110
1304112
1304114
1304115
1304124
1304127
1304131
1304132
1304133
1304134
1304135
1304136
1304138
1304139
1304140
1304141
1304142
1304143
1304144
1304145
1304146
1304148
1304150
1304151
1304153
1304154
1304155
1304156
1304157
1304158
1304159
1304160
1304161
1304162
1304163
1304164
1304165
1304166
1304167
1304168
1304169
1304170
1304616
1304617
1304621
1304622
1304623
1304624
1304628
1304629
1304636
1304639
1304643
1304645
1304650
1304651
1304653
1304656
1304657
1304667
1304668
1304670
1304672
1305001
1305002
1305003
1305004
1305005
1305006
1305007
1305008
1305009
1305010
1305011
1305012
1305013
1305014
1305015
1305016
1305017
1305018
1305019
1305020
1305021
1305023
1305024
1305025
1305026
1305027
1305028
1305029
1305030
1305031
1305032
1305033
1305034
1305035
1305036
1305037
1305039
1305040
1305041
1305042
1305043
1305045
1305046
1305047
1305048
1305049
1305050
1305051
1305052
1305053
1305054
1305056
1305057
1305058
1305059
1305060
1305061
1305062
1305063
1305064
1305065
1305066
1305067
1305068
1305069
1305070
1305071
1305072
1305073
1305074
1305075
1305076
1305077
1305078
1305079
1305080
1305081
1305082
1305084
1305085
1305086
1305087
1305088
1305090
1305091
1305093
1305095
1305096
1305097
1305098
1305099
1305100
1305101
1305102
1305103
1305104
1305105
1305106
1305107
1305108
1305109
1305110
1305111
1305112
1305113
1305114
1305115
1305116
1305117
1305118
1305119
1305120
1305121
1305122
1305123
1305125
1305126
1305127
1305128
1305129
1305130
1305131
1305132
1305133
1305139
1305142
1305143
1305144
1305146
1305147
1305149
1305150
1305154
1305155
1305156
1305157
1305158
1305159
1305160
1305161
1305164
1305165
1305166
1305167
1305169
1305173
1305174
1305175
1305176
1305177
1306000
1306001
1306004
1306005
1306007
1306009
1306010
1306012
1306017
1306018
1306019
1306022
1306023
1306024
1306027
1306028
1306036
1306037
1306039
1306040
1306053
1306055
1306056
1306060
1306061
1306065
1306069
1306070
1306074
1306075
1306076
1306079
1306081
1306090
1306093
1306094
1306095
1306097
1306098
1306100
1306101
1306102
1306103
1306104
1306106
1306107
1306108
1306109
1306110
1306111
1306112
1306116
1306117
1306118
1306120
1306123
1306124
1306125
1306126
1306127
1306129
1306130
1306131
1306132
1306137
1306139
1306141
1306142
1306143
1306144
1306145
1306146
1306147
1306149
1306150
1306151
1306153
1306154
1306155
1306157
1306158
1306159
1306161
1306163
1306164
1306167
1306169
1306170
1306171
1306172
1306173
1306177
1306179
1306181
1306183
1306188
1306190
1306193
1306195
1306196
1306197
1306199
1306200
1306203
1306204
1306206
1306207
1306208
1306209
1306212
1306213
1306218
1306219
1306223
1306225
1306228
1306232
1306234
1306235
1306236
1306237
1306238
1306239
1306240
1306241
1306242
1306243
1306244
1306245
1306246
1306247
1306248
1306249
1306250
1306251
1306252
1306609
1306612
1306613
1306614
1306615
1306617
1306619
1306620
1306621
1306622
1306623
1306625
1306626
1306627
1306628
1306630
1306631
1306632
1306633
1306634
1306635
1306636
1306637
1306638
1306639
1306640
1306641
1306642
1306643
1306644
1306645
1306646
1306647
1306648
1306649
1306650
1306651
1306652
1306653
1306654
1306655
1306656
1306657
1306658
1306659
1306660
1306661
1306662
1306663
1306664
1306665
1306666
1306667
1306668
1306669
1306670
1306671
1306672
1307000
1307001
1307002
1307005
1307006
1307009
1307010
1307011
1307012
1307014
1307015
1307016
1307017
1307018
1307019
1307020
1307027
1307028
1307029
1307030
1307031
1307032
1307033
1307037
1307038
1307039
1307041
1307042
1307044
1307045
1307046
1307047
1307048
1307050
1307051
1307053
1307055
1307056
1307057
1307058
1307059
1307060
1307061
1307062
1307064
1307065
1307066
1307067
1307068
1307070
1307071
1307073
1307074
1307076
1307077
1307078
1307079
1307080
1307081
1307082
1307083
1307084
1307085
1307086
1307087
1307088
1307089
1307090
1307091
1307092
1307093
1307094
1307095
1307096
1307097
1307098
1307099
1307100
1307101
1307102
1307103
1307104
1307105
1307106
1307107
1307108
1307109
1307110
1307111
1307112
1307113
1307114
1307115
1307116
1307117
1307995
1307996
1307997
1307998
1310055
1310101
1310121
1310245
1310246
1310247
1310248
1310249
1310250
1310251
1310252
1310253
1310254
1310468
1310469
1311000
1311001
1311003
1311006
1311007
1311008
1311010
1311013
1311014
1311015
1311022
1311026
1311027
1311028
1311030
1311031
1311032
1311033
1311034
1311035
1311036
1311037
1311038
1311039
1311040
1311041
1311043
1311045
1311046
1311047
1311048
1311049
1311050
1311053
1311054
1311055
1311056
1311057
1311060
1311061
1311062
1311063
1311064
1311065
1311066
1311067
1311069
1311072
1311073
1311074
1311076
1311077
1311078
1311079
1311080
1311082
1311084
1311087
1311088
1311089
1311090
1311091
1311092
1311093
1311094
1311097
1311099
1311100
1311102
1311105
1311107
1311108
1311109
1311110
1311111
1311112
1311113
1311114
1311115
1311116
1311117
1311118
1311119
1311120
1311121
1311123
1311124
1311125
1311126
1311127
1311128
1311132
1311133
1311135
1311136
1311137
1311140
1311141
1311142
1311144
1311145
1311147
1311148
1311150
1311151
1311152
1311153
1311154
1311155
1311156
1311158
1311159
1311160
1311161
1311162
1311163
1311164
1311165
1311167
1311169
1311170
1311173
1311174
1311178
1311179
1311183
1311185
1311186
1311187
1311188
1311189
1311190
1311192
1311193
1311196
1311197
1311198
1311199
1311200
1311201
1311202
1311204
1311205
1311206
1311208
1311210
1311211
1311212
1311213
1311215
1311216
1311218
1311219
1311220
1311221
1311222
1311223
1311224
1311227
1311228
1311229
1311230
1311231
1311232
1311233
1311235
1311237
1311239
1311240
1311241
1311242
1311243
1311244
1311246
1311251
1311252
1311253
1311254
1311256
1311257
1311258
1311259
1311263
1311265
1311267
1311269
1311272
1311273
1311274
1311275
1311276
1311278
1311279
1311280
1311281
1311282
1311283
1311284
1311285
1311286
1311287
1311289
1311290
1311291
1311293
1311297
1311299
1311300
1311303
1311304
1311305
1311306
1311307
1311308
1311309
1311312
1311313
1311314
1311315
1311316
1311317
1311319
1311321
1311322
1311323
1311324
1311327
1311328
1311329
1311330
1311331
1311332
1311333
1311334
1311338
1311339
1311341
1311343
1311344
1311345
1311346
1311347
1311348
1311349
1311350
1311353
1311354
1311355
1311356
1311358
1311359
1311360
1311361
1311362
1311364
1311365
1311368
1311370
1311372
1311373
1311374
1311378
1311379
1311381
1311382
1311385
1311387
1311388
1311392
1311394
1311395
1311396
1311397
1311399
1311400
1311402
1311403
1311405
1311406
1311407
1311409
1311411
1311412
1311413
1311416
1311418
1311423
1311425
1311426
1311427
1311430
1311431
1311432
1311434
1311435
1311436
1311439
1311442
1311443
1311444
1311445
1311447
1311448
1311449
1311450
1311451
1311455
1311457
1311458
1311459
1311462
1311463
1311466
1311467
1311469
1311470
1311471
1311472
1311473
1311474
1311475
1311479
1311481
1311482
1311483
1311484
1311485
1311486
1311488
1311489
1311490
1311491
1311492
1311493
1311495
1311497
1311498
1311500
1311502
1311503
1311504
1311506
1311507
1311508
1311509
1311510
1311511
1311513
1311514
1311516
1311517
1311518
1311519
1311521
1311523
1311524
1311525
1311526
1311527
1311528
1311529
1311530
1311532
1311533
1311534
1311538
1311539
1311540
1311542
1311544
1311546
1311547
1311548
1311552
1311554
1311555
1311557
1311558
1311559
1311560
1311561
1311567
1311572
1311574
1311575
1311576
1311577
1311578
1311579
1311580
1311581
1311582
1311583
1311584
1311586
1311587
1311588
1311591
1311592
1311595
1311596
1311597
1311601
1311603
1311604
1311605
1311607
1311609
1311610
1311611
1311612
1311614
1311616
1311617
1311618
1311620
1311623
1311624
1311625
1311626
1311628
1311629
1311630
1311631
1311632
1311635
1311636
1311637
1311638
1311639
1311640
1311641
1311644
1311645
1311646
1311647
1311648
1311649
1311650
1311653
1311656
1311657
1311659
1311662
1311663
1311666
1311667
1311668
1311670
1311671
1311672
1311673
1311675
1311676
1311677
1311678
1311680
1311681
1311683
1311684
1311688
1311690
1311691
1311692
1311694
1311695
1311697
1311698
1311699
1311700
1311701
1311702
1311703
1311704
1311705
1311706
1311707
1311708
1311712
1311713
1311714
1311715
1311716
1311717
1311719
1311721
1311722
1311723
1311724
1311725
1311726
1311730
1311731
1311732
1311733
1311734
1311735
1311736
1311737
1311738
1311739
1311740
1311741
1311742
1312112
1312114
1320000
1320005
1320058
1320059
1320060
1320061
1321006
1321008
1321016
1321017
1321018
1321027
1321041
1321042
1321046
1321047
1321049
1321050
1321051
1321052
1321053
1321057
1321058
1321081
1321093
1321104
1321111
1321137
1321146
1321161
1321181
1321182
1321193
1321206
1321213
1321216
1321223
1321231
1321232
1321248
1321249
1321273
1321277
1321278
1321279
1321351
1321367
1321369
1321379
1321390
1321422
1321426
1321534
1321542
1321596
1321607
1321614
1321618
1321623
1321638
1321644
1321664
1321714
1321821
1321886
1321887
1321903
1321904
1321919
1321922
1321937
1321982
1322002
1322005
1322022
1322023
1322028
1322034
1322038
1322041
1322042
1322043
1322044
1322045
1322046
1322051
1322052
1322053
1322055
1322056
1322061
1322065
1322066
1322067
1322068
1322069
1322072
1322073
1322074
1322077
1322079
1322080
1322081
1322085
1322088
1322089
1322092
1322095
1322098
1322099
1322100
1322104
1322107
1322110
1322111
1322119
1322122
1322126
1322152
1322158
1322160
1322164
1322167
1322186
1322192
1322193
1322198
1322224
1322231
1322958
1344004
1344005
1344007
1344008
1344009
1350013
1350014
1350015
1350020
1350021
1351001
1351002
1351004
1351005
1351010
1351012
1351013
1351014
1351015
1351016
1351020
1351023
1351025
1351026
1351028
1351030
1351032
1351033
1351035
1351036
1351037
1351039
1351043
1351045
1351046
1351048
1351052
1351053
1351054
1351057
1351058
1351063
1351064
1351071
1351072
1351073
1351075
1351076
1351080
1351082
1351088
1351090
1351092
1351094
1351103
1351108
1351111
1351119
1351124
1351133
1351135
1351141
1351142
1351156
1351165
1351184
1351205
1351208
1351211
1351218
1351235
1351236
1351237
1351238
1351239
1351241
1351244
1351245
1351246
1351248
1351259
1351290
1351291
1351294
1351304
1351306
1351309
1351325
1351336
1351346
1351356
1351380
1351386
1351389
1351392
1351404
1351408
1351413
1351421
1351422
1351425
1351432
1351435
1351440
1351443
1351444
1351451
1351453
1351454
1351481
1351502
1351520
1351521
1351523
1351529
1351531
1351532
1351541
1351549
1351553
1351555
1351558
1351560
1351564
1351565
1351572
1351573
1351579
1351592
1351593
1351601
1351605
1351628
1351648
1351657
1351668
1351669
1351670
1351683
1351705
1351706
1351725
1351731
1351734
1351735
1351744
1351748
1351750
1351752
1351753
1351768
1351773
1351779
1351780
1351781
1351782
1351796
1351801
1351829
1351833
1351835
1351836
1351837
1351839
1351841
1351849
1351860
1351861
1351878
1351881
1351891
1351895
1351899
1351901
1351909
1351924
1351926
1351932
1351935
1351940
1351945
1351953
1351959
1351965
1351967
1351968
1351969
1351970
1351975
1351982
1351984
1351986
1351991
1351993
1351998
1351999
1352000
1352001
1352002
1352003
1352004
1352006
1352007
1352008
1352009
1352010
1352011
1352012
1352013
1352014
1352015
1352016
1352017
1352018
1352019
1352020
1352021
1352022
1352023
1352024
1352025
1352026
1352027
1352028
1352029
1352030
1352031
1352032
1352033
1352034
1352035
1352036
1352037
1352042
1352043
1352044
1352048
1352050
1352051
1352052
1352053
1352054
1352056
1352057
1352060
1352061
1352063
1352067
1352068
1352069
1352070
1352071
1352072
1352073
1352074
1352075
1352076
1352077
1352078
1352079
1352080
1352081
1352082
1352083
1352084
1352085
1352087
1352088
1352091
1352092
1352093
1352094
1352095
1352096
1352097
1352098
1352099
1352100
1352101
1352102
1352103
1352104
1352105
1352106
1352107
1352108
1352109
1352110
1352111
1352112
1352115
1352116
1352117
1352118
1352119
1352120
1352121
1352122
1352123
1352124
1352126
1352127
1352128
1352129
1352130
1352131
1352132
1352133
1352134
1352135
1352136
1352137
1352138
1352139
1352140
1352141
1352142
1352143
1352144
1352145
1352146
1352147
1352148
1352149
1352150
1352151
1352152
1352153
1352154
1352155
1352156
1352157
1352158
1352159
1352160
1352161
1352162
1352163
1352164
1352165
1352166
1352167
1352168
1352169
1352170
1352171
1352172
1360000
1360005
1360006
1360007
1360008
1360009
1360010
1360011
1360012
1360013
1360014
1360015
1360016
1360017
1360018
1360019
1360020
1360022
1360023
1360024
1360025
1360026
1360027
1360028
1360029
1360031
1360035
1360036
1360037
1360038
1360039
1360040
1360041
1360042
1360043
1360044
1360045
1360046
1360047
1360048
1360049
1360050
1360051
1360052
1360053
1360054
1360055
1360057
1360058
1360059
1360060
1360061
1360062
1360063
1360064
1360065
1360066
1360067
1360068
1360070
1360071
1360072
1360073
1360074
1360075
1360076
1360084
1360113
1360114
1360115
1360118
1360119
1360120
1360121
1360123
1360124
1360125
1360128
1360130
1360131
1360132
1360133
1360134
1360137
1360138
1360142
1360146
1360149
1360151
1360152
1360155
1360161
1360162
1360163
1360166
1360167
1360168
1360169
1360170
1360172
1360174
1360175
1360176
1360177
1360187
1360189
1360192
1360199
1360202
1360203
1360205
1360207
1360213
1360216
1360217
1360222
1360223
1360224
1360227
1360233
1360234
1360239
1360240
1360245
1360246
1360247
1360248
1360249
1360250
1360251
1360252
1360257
1360258
1360259
1360262
1360263
1360270
1360275
1360276
1360279
1360280
1360284
1360285
1360286
1360291
1360292
1360293
1360295
1360298
1360302
1360304
1360305
1360306
1360308
1360310
1360311
1360312
1360313
1360314
1360318
1360320
1360324
1360325
1360326
1360327
1360328
1360331
1360334
1360335
1360336
1360337
1360340
1360341
1360344
1360345
1360346
1360347
1360348
1360349
1360350
1360351
1360352
1360354
1360359
1360363
1360368
1360369
1360372
1360374
1360380
1360381
1360384
1360385
1360386
1360388
1360389
1360391
1360392
1360393
1360394
1360395
1360406
1360407
1360409
1360411
1360414
1360416
1360417
1360419
1360421
1360422
1360423
1360425
1360426
1360427
1360429
1360431
1360432
1360434
1360435
1360438
1360443
1360444
1360446
1360448
1360449
1360450
1360451
1360452
1360453
1360454
1360455
1360456
1360457
1360459
1360461
1360463
1360465
1360466
1360467
1360468
1360469
1360470
1360471
1360472
1360473
1360474
1360475
1360476
1360477
1360478
1360479
1360481
1360482
1360483
1360484
1360485
1360486
1360488
1360489
1360491
1360493
1360494
1360495
1360496
1360497
1360498
1360501
1360504
1360506
1360509
1360510
1360511
1360512
1360513
1360514
1360517
1360518
1360520
1360521
1360522
1360523
1360524
1360526
1360529
1360531
1360533
1360534
1360536
1360537
1360538
1360539
1360540
1360543
1360545
1360548
1360550
1360551
1360552
1360553
1360555
1360557
1360559
1360560
1360561
1360563
1360564
1360566
1360568
1360570
1360571
1360573
1360575
1360576
1360577
1360578
1360600
1360601
1360602
1360603
1360604
1360605
1360607
1360608
1360609
1360611
1360613
1360614
1360615
1360616
1360617
1360618
1360619
1360620
1360621
1360624
1360625
1360627
1360628
1360629
1360630
1360632
1360633
1360634
1360635
1360636
1360637
1360638
1360639
1360640
1360642
1361001
1361002
1361017
1361018
1361033
1361038
1361040
1361041
1361045
1361047
1361056
1361062
1361066
1361070
1361071
1361074
1361076
1361079
1361081
1361082
1361084
1361085
1361087
1361089
1361090
1361093
1361095
1361096
1361097
1361098
1361099
1361101
1361103
1361105
1361106
1361107
1361108
1361110
1361112
1361116
1361120
1361121
1361125
1361127
1361129
1361134
1361135
1361137
1361138
1361139
1361141
1361142
1361143
1361144
1361145
1361152
1361153
1361154
1361155
1361156
1361157
1361159
1361160
1361162
1361163
1361166
1361169
1361170
1361172
1361175
1361177
1361178
1361179
1361181
1361182
1361183
1361184
1361185
1361186
1361187
1361189
1361190
1361192
1361193
1361194
1361195
1361196
1361197
1361198
1361199
1361200
1361201
1361202
1361203
1361204
1361205
1361206
1361207
1361208
1361209
1361210
1361211
1361212
1361213
1361214
1361215
1361216
1361217
1361218
1361219
1361220
1361221
1361222
1361223
1361224
1361225
1361226
1361227
1361228
1361229
1361230
1361231
1361232
1361233
1361234
1361235
1361236
1361237
1361238
1361239
1361240
1361241
1361242
1361243
1361244
1361245
1361246
1361247
1361248
1361249
1361250
1361251
1361252
1361253
1361254
1361255
1361256
1361257
1361258
1361259
1361260
1361261
1361262
1361263
1361264
1361265
1361266
1361267
1361268
1361269
1361270
1361271
1361272
1361273
1361274
1361275
1361276
1361277
1361278
1361279
1361280
1361281
1361282
1361283
1361284
1361285
1361286
1361287
1361288
1361289
1361290
1361291
1361292
1361293
1361294
1361295
1361296
1361298
1361299
1361300
1361301
1364001
1364002
1364003
1364004
1364006
1364007
1364008
1364009
1364012
1364014
1364015
1364017
1364018
1364019
1364024
1364027
1364029
1364031
1364032
1364033
1364034
1364035
1364036
1364038
1364040
1364041
1364042
1364045
1364046
1364048
1364049
1364050
1364051
1364052
1364053
1364054
1364055
1364056
1364057
1364058
1364060
1364061
1364062
1364063
1364064
1364065
1364067
1364069
1364070
1364071
1364075
1364076
1364077
1364078
1364079
1364080
1364082
1364083
1364084
1364087
1364088
1364089
1364090
1364092
1364093
1364094
1364095
1364096
1364097
1364098
1364099
1364100
1364101
1364102
1364103
1364104
1364105
1364106
1364108
1364109
1364110
1364111
1364112
1364113
1364114
1364115
1364116
1364117
1364118
1364119
1364120
1364121
1391622
1391623
1393996
1393997
1393998
1393999
1397197
1397264
1397266
1397267
1397268
1397269
1397270
1397273
1397275
1397277
1397279
1397280
1397281
1397282
1397283
1397285
1397287
1397291
1397292
1397293
1397294
1397295
1397296
1397297
1397300
1397302
1397303
1397306
1397309
1397310
1397311
1397312
1397313
1397314
1397315
1397316
1397317
1397318
1397319
1397320
1397321
1397322
1397323
1397324
1397325
1397326
1397327
1397328
1397329
1397330
1397331
1397332
1397333
1397334
1397335
1397336
1397337
1397338
1397339
1397340
1397341
1397342
1397343
1397344
1397345
1397346
1397347
1397348
1397349
1397350
1397351
1397352
1397353
1397354
1397355
1397356
1397357
1397358
1397359
1397360
1397361
1397362
1397363
1397364
1397365
1397366
1397367
1397368
1397369
1397370
1398004
1398007
1398012
1398015
1398018
1398020
1398021
1398022
1398023
1398024
1398025
1398028
1398032
1398033
1398036
1398041
1398042
1398043
1398044
1398049
1398050
1398051
1398058
1398059
1398060
1398061
1398062
1398064
1398069
1398072
1398073
1398074
1398075
1398076
1398077
1398078
1398081
1398086
1398087
1398091
1398092
1398093
1398094
1398095
1398097
1398098
1398102
1398103
1398105
1398110
1398111
1398120
1398129
1398156
1398157
1398168
1398169
1398176
1398177
1398183
1398186
1398187
1398189
1398192
1398199
1398202
1398203
1398204
1398210
1398215
1398217
1398221
1398224
1398227
1398231
1398235
1398236
1398248
1398249
1398250
1398251
1398253
1398256
1398257
1398258
1398259
1398263
1398264
1398265
1398266
1398267
1398268
1398269
1398270
1398271
1398272
1398274
1398277
1398278
1398279
1398280
1398283
1398285
1398287
1398291
1398292
1398294
1398295
1398300
1398303
1398306
1398307
1398309
1398310
1398311
1398314
1398323
1398336
1398340
1398342
1398838
1398839
1398840
1398841
1398842
1398844
1398845
1398846
1398847
1398848
1398849
1398850
1398851
1398852
1398853
1398854
1398856
1398857
1398858
1398859
1398860
1398861
1398862
1398863
1398864
1398865
1398867
1398868
1398869
1398871
1398872
1398873
1398875
1398884
1398888
1398889
1398893
1398894
1398899
1398900
1398908
1398909
1398911
1398914
1398915
1398917
1398918
1398919
1398920
1398923
1398929
1398932
1398933
1398934
1398939
1398941
1398942
1398948
1398950
1398957
1398966
1398968
1398969
1398974
1398977
1398978
1398982
1398983
1398984
1398986
1398987
1398988
1398989
1398990
1398992
1398993
1399005
1399007
1399008
1399017
1399024
1399035
1399041
1399042
1399049
1399050
1399051
1399052
1399055
1399056
1399059
1399060
1399061
1399065
1399066
1399077
1399080
1399102
1399109
1399116
1399123
1399142
1399164
1399166
1399170
1399207
1399228
1399275
1399347
1399348
1399484
1399485
1399503
1399504
1399507
1399508
1399509
1399510
1399511
1399512
1399513
1399514
1399515
1399516
1399518
1399519
1399521
1399522
1399523
1399525
1399526
1399527
1399528
1399529
1399530
1399531
1399532
1399533
1399535
1399536
1399537
1399538
1399539
1399540
1399541
1399542
1399544
1399545
1399546
1399548
1399549
1399550
1399551
1399552
1399553
1399554
1399555
1399556
1399557
1399558
1399559
1399560
1399561
1399562
1399563
1399564
1399566
1399567
1399568
1399569
1399570
1399571
1399572
1399574
1399575
1399576
1399577
1399579
1399580
1399581
1399582
1399584
1399585
1399586
1399587
1399588
1399590
1399591
1399592
1399593
1399594
1399595
1399596
1399597
1399598
1399600
1399601
1399602
1399605
1399606
1399607
1399608
1399609
1399611
1399612
1399613
1399614
1399615
1399616
1399617
1399618
1399619
1399622
1399623
1399624
1399625
1399627
1399630
1399631
1399632
1399633
1399634
1399635
1399636
1399637
1399639
1399640
1399641
1399642
1399644
1399645
1399646
1399647
1399649
1399650
1399651
1399652
1399653
1399654
1399656
1399657
1399658
1399659
1399660
1399661
1399662
1399663
1399664
1399665
1399666
1399667
1399668
1399669
1399671
1399672
1399673
1399674
1399675
1399676
1399679
1399680
1399681
1399682
1399683
1399684
1399685
1399686
1399687
1399688
1399689
1399690
1399691
1399692
1399693
1399694
1399695
1399696
1399697
1399698
1399699
1399701
1399702
1399703
1399704
1399705
1399706
1399707
1399708
1399709
1399710
1399711
1399712
1399713
1399714
1399720
1399722
1399723
1399726
1399729
1399730
1399731
1399732
1399733
1399735
1399736
1399737
1399738
1399739
1399740
1399741
1399742
1399743
1399745
1399746
1399747
1399748
1399750
1399751
1399752
1399755
1399756
1399757
1399759
1399760
1399761
1399762
1399763
1399764
1399765
1399766
1399767
1399768
1399769
1399771
1399772
1399774
1399775
1399776
1399777
1399778
1399781
1399782
1399783
1399784
1399785
1399787
1399788
1399789
1399790
1399791
1399792
1399794
1399795
1399796
1399797
1399798
1399799
1399800
1399801
1399802
1399803
1399805
1399806
1399808
1399809
1399810
1399811
1399812
1399813
1399814
1399815
1399816
1399818
1399819
1399824
1399825
1399826
1399828
1399829
1399830
1399832
1399833
1399834
1399838
1399839
1399840
1399841
1399842
1399843
1399844
1399846
1399847
1399848
1399849
1399850
1399851
1399852
1399853
1399854
1399855
1399856
1399857
1399858
1399859
1399860
1399861
1399862
1399863
1399864
1399865
1399866
1399867
1399868
1399869
1399870
1399871
1399872
1399873
1399874
1399875
1399876
1399877
1399879
1399880
1399881
1399882
1399883
1399884
1399885
1399886
1399887
1399888
1399889
1399890
1399891
1399892
1399893
1399894
1399895
1399896
1399897
1399898
1399899
1399900
1399901
1399903
1399904
1399905
1399906
1399907
1399908
1399909
1399910
1399911
1399912
1399913
1399914
1399915
1399916
1399917
1399919
1399920
1399921
1399922
1399923
1399924
1399927
1399928
1399929
1399930
1399931
1399932
1399935
1399936
1399937
1399938
1399939
1399940
1399941
1399942
1399943
1399944
1399945
1399946
1399947
1399948
1399950
1399951
1399952
1399953
1399954
1399955
1399957
1399958
1399960
1399961
1399962
1399963
1399964
1399965
1399966
1399967
1399968
1399969
1399970
1399972
1399973
1399974
1399975
1399976
1399977
1399978
1399979
1399980
1399981
1399983
1399984
1399985
1399986
1399987
1399988
1399989
1399990
1399991
1399992
1399993
1399994
1399997
1399998
1399999
2026050
3013524
4310141
4310142
4310143
4310144
4310145
4310146
4310147
4310149
4310150
4310152
4310153
4310154
4376493
4376494
4376495
4376497
4376498
4376499
4376501
4376502
4376503
4376504
4376505
4376506
4376507
4376508
4376509
4376510
4376511
4376512
4376513
4376514
4376515
4376516
4376517
4376518
4376519
4376520
4376521
4376522
4376523
4376525
4376526
4376527
4376528
4376529
4376530
4376531
4376532
4376533
4376535
4376536
4376537
4376538
4376539
4376540
4376541
4376543
4376546
4376548
4376549
7023647
8930000